D <- 10
N1 <- 24
x1 <- 
structure(c(24.4, 16.4, 17.8, 13.3, 22.8, 15, 10.4, 18.1, 26, 22.8, 30.4, 21,
14.7, 27.3, 17.3, 21.4, 15.2, 19.7, 18.7, 32.4, 15.8, 30.4, 15.5, 21, 4, 8, 6,
8, 4, 8, 8, 6, 4, 4, 4, 6, 8, 4, 8, 4, 8, 6, 8, 4, 8, 4, 8, 6, 146.7, 275.8,
167.6, 350, 108, 301, 472, 225, 120.3, 140.8, 95.1, 160, 440, 79, 275.8, 121,
275.8, 145, 360, 78.7, 351, 75.7, 318, 160, 62, 180, 123, 245, 93, 335, 205,
105, 91, 95, 113, 110, 230, 66, 180, 109, 180, 175, 175, 66, 264, 52, 150, 110,
3.69, 3.07, 3.92, 3.73, 3.85, 3.54, 2.93, 2.76, 4.43, 3.92, 3.77, 3.9, 3.23,
4.08, 3.07, 4.11, 3.07, 3.62, 3.15, 4.08, 4.22, 4.93, 2.76, 3.9, 3.19, 4.07,
3.44, 3.84, 2.32, 3.57, 5.25, 3.46, 2.14, 3.15, 1.513, 2.62, 5.345, 1.935, 3.73,
2.78, 3.78, 2.77, 3.44, 2.2, 3.17, 1.615, 3.52, 2.875, 20, 17.4, 18.9, 15.41,
18.61, 14.6, 17.98, 20.22, 16.7, 22.9, 16.9, 16.46, 17.42, 18.9, 17.6, 18.6, 18,
15.5, 17.02, 19.47, 14.5, 18.52, 16.87, 17.02, 1, 0, 1, 0, 1, 0, 0, 1, 0, 1, 1,
0, 0, 1, 0, 1, 0, 0, 0, 1, 0, 1, 0, 0, 4, 3, 4, 3, 4, 5, 3, 3, 5, 4, 5, 4, 3, 4,
3, 4, 3, 5, 3, 4, 5, 4, 3, 4, 2, 3, 4, 4, 1, 8, 4, 1, 2, 2, 2, 4, 4, 1, 3, 2, 3,
6, 2, 1, 4, 2, 2, 4),
.Dim = c(24, 10))
z1 <- 
c(0, 0, 0, 0, 1, 1, 0, 0, 1, 0, 1, 1, 0, 1, 0, 1, 0, 1, 0, 1, 1, 1, 0, 1)
N2 <- 8
x2 <- 
structure(c(19.2, 14.3, 21.5, 21.4, 10.4, 15.2, 19.2, 33.9, 6, 8, 4, 6, 8, 8, 8,
4, 167.6, 360, 120.1, 258, 460, 304, 400, 71.1, 123, 245, 97, 110, 215, 150,
175, 65, 3.92, 3.21, 3.7, 3.08, 3, 3.15, 3.08, 4.22, 3.44, 3.57, 2.465, 3.215,
5.424, 3.435, 3.845, 1.835, 18.3, 15.84, 20.01, 19.44, 17.82, 17.3, 17.05, 19.9,
1, 0, 1, 1, 0, 0, 0, 1, 4, 3, 3, 3, 3, 3, 3, 4, 4, 4, 1, 1, 4, 2, 2, 1),
.Dim = c(8, 10))
